-3.021179437637329
1.4650565385818481
2.1603777408599854
1.0751913785934448
1.5553014278411865
1.2343966960906982
2.8631646633148193
2.649336814880371
2.7869077920913696
3.0922539234161377
2.1603777408599854
1.5932214260101318
1.6370010375976562
-2.2785669565200806
1.761185884475708
1.4108970165252686
6.7003374099731445
-0.26223087310791016
0.47337818145751953
-2
10.437255859375
10.477839469909668
10.410353183746338
10.464972972869873
10.478602886199951
10.477812767028809
10.397083282470703
10.498833179473877
10.511382579803467
10.453067302703857
10.313787937164307
10.352829456329346
10.446168899536133
10.467695713043213
10.416775226593018
10.54350996017456
10.486828804016113
10.435125350952148
10.410024166107178
10.410024166107178
-0.05961596965789795
5.034917026758194
4.715361386537552
-1.134361445903778
4.4945248663425446
-2
6.503095388412476
0.06595969200134277
6.120717525482178
4.715361386537552
4.715361386537552
1.2680468559265137
2.3117064237594604
1.211042881011963
2.7150697708129883
2.2932627201080322
2.7381840348243713
4.427682638168335
6.0852155685424805
0.9170711040496826
8.619420528411865
8.349635362625122
8.55657148361206
8.175402641296387
7.90024995803833
7.13434362411499
7.8218300342559814
8.621103763580322
8.339137077331543
8.303952693939209
9.199770450592041
8.612777709960938
8.339443683624268
8.339443683624268
8.46472454071045
8.481700897216797
8.683634281158447
8.252057313919067
9.369569301605225
8.819376707077026
7.9632954597473145
9.15181589126587
8.599636316299438
8.447221994400024
10.155261993408203
9.848676681518555
9.59995985031128
3.300624132156372
10.213594436645508
7.8020179271698
9.91252851486206
9.49721384048462
10.282932758331299
10.016483783721924
10.194501876831055
9.945170402526855
9.747106552124023
9.812178611755371
9.360716342926025
9.685601234436035
8.755151271820068
8.345032215118408
9.434828281402588
9.307228565216064
8.95030403137207
-2
9.176528930664062
9.176528930664062
9.194596767425537
8.87907600402832
9.041431427001953
8.681846618652344
9.593977928161621
8.641385555267334
7.997360944747925
9.354333400726318
9.255826950073242
9.467584133148193
9.350501537322998
10.490118026733398
10.545597076416016
10.400737285614014
10.438207626342773
10.49883508682251
10.510952949523926
10.46269416809082
10.49237585067749
10.503215789794922
10.511209487915039
10.514083862304688
10.501675605773926
10.495959758758545
10.499969482421875
10.516355991363525
10.518538475036621
10.499917984008789
-2
10.50420093536377
10.558448791503906
10.018025398254395
10.186357975006104
9.820170879364014
9.946510791778564
10.148516178131104
9.867384433746338
10.194788932800293
10.166435241699219
10.301074028015137
10.339037418365479
10.050440788269043
10.138418197631836
10.226560115814209
10.025538444519043
10.126116275787354
9.660070419311523
10.135040760040283
8.548216581344604
10.231954574584961
9.996331691741943
2.999194622039795
3.1461281776428223
2.6556925773620605
3.953342080116272
0.12258410453796387
2.505072593688965
2.614098072052002
1.3314305543899536
0.9011108875274658
0.7898094654083252
2.2635090351104736
3.1173055171966553
0.7642560005187988
2.188847780227661
-0.7118672132492065
0.8839654922485352
-2.339335471391678
-1.1233038902282715
2.2815234661102295
1.913442850112915
6.95531964302063
7.389617919921875
7.8224756717681885
-2
8.702774047851562
7.826312303543091
8.60450029373169
7.0525617599487305
7.238579273223877
6.966405868530273
7.956559658050537
6.3530309200286865
8.866812705993652
8.024792671203613
8.068031311035156
8.10829782485962
8.022810459136963
-2
9.07713508605957
7.128381729125977
10.455991268157959
10.407538890838623
10.306528091430664
10.2781982421875
10.434441089630127
10.43494176864624
10.400067806243896
10.257577419281006
10.354618072509766
10.433077335357666
10.233383655548096
10.40229845046997
10.462810516357422
10.478034496307373
10.452912330627441
10.447311878204346
10.481679916381836
10.481679916381836
10.382397651672363
10.464947700500488
10.350127696990967
9.677882671356201
10.077388286590576
10.387222290039062
10.172064781188965
10.251209735870361
10.114542484283447
10.31420612335205
10.36366891860962
10.322718620300293
10.37268877029419
9.991944789886475
10.112013816833496
10.196980476379395
10.400007247924805
10.182056903839111
10.24901008605957
10.271039485931396
10.120451927185059
10.259997844696045
10.055116653442383
8.828595638275146
10.012227058410645
9.892101287841797
9.564403533935547
9.874489784240723
10.184832572937012
9.393790245056152
10.059439182281494
9.741799354553223
9.704888343811035
10.223236083984375
10.310697078704834
9.00587248802185
10.173401832580566
9.534187316894531
9.766433238983154
9.655187129974365
10.239171504974365
10.286634922027588
10.08616304397583
10.269433498382568
10.347182750701904
-2
10.053205490112305
9.763014316558838
10.200783729553223
10.388864517211914
10.339556694030762
10.310800075531006
10.391337871551514
10.357516288757324
9.910250186920166
10.294342041015625
9.827003955841064
9.66863489151001
10.30597448348999
10.031344413757324
10.04401683807373
10.270599365234375
10.286244869232178
10.204685688018799
-2
10.153021335601807
10.121121406555176
10.111434936523438
10.118566036224365
10.344857692718506
10.355377674102783
10.027759552001953
10.249999523162842
10.444164276123047
10.320018768310547
10.116515159606934
10.387630462646484
10.378941535949707
10.27364206314087
10.321204662322998
10.364245414733887
10.27364206314087
3.187497615814209
2.942443370819092
6.994819164276123
5.068592548370361
6.129170775413513
4.805627942085266
4.802286982536316
3.704457402229309
4.684543609619141
6.372922420501709
5.100303053855896
3.380154609680176
4.2473660707473755
2.4577630758285522
3.2557753324508667
2.7380168437957764
4.934209130704403
4.989943027496338
2.7009642124176025
2.677562713623047
9.584295749664307
7.528628349304199
9.520082473754883
9.008068323135376
9.072468042373657
8.54234790802002
6.176617860794067
9.494437217712402
8.726171970367432
9.53631067276001
9.274556159973145
10.07931661605835
9.625903606414795
10.16825246810913
10.026722431182861
10.067466735839844
9.408027172088623
9.938753604888916
9.097050666809082
10.080390453338623
9.679285049438477
8.233488321304321
10.013290405273438
10.10348653793335
10.013474941253662
9.81285047531128
9.8719801902771
10.139031410217285
10.35513162612915
10.226861953735352
10.415054321289062
10.065320014953613
10.295899391174316
10.2953782081604
10.230473041534424
10.272223472595215
10.126170635223389
10.212255001068115
10.27720832824707
10.309748649597168
6.21564245223999
5.160616517066956
6.544755935668945
6.054313659667969
7.282526731491089
6.091384410858154
7.842329502105713
7.716118574142456
8.044324159622192
6.213292837142944
6.602936744689941
6.046221017837524
7.597854137420654
7.535710334777832
8.114552021026611
6.9221367835998535
4.462918639183044
7.826312065124512
8.646316528320312
7.174379587173462
9.900044441223145
9.981889247894287
9.157556056976318
9.08558177947998
9.597307205200195
9.319292545318604
9.746365070343018
8.6868896484375
9.73865556716919
9.262834548950195
9.826612949371338
9.810773849487305
9.336256504058838
8.399343967437744
9.763460636138916
9.110841274261475
9.941565990447998
9.657707691192627
9.60333251953125
9.654865741729736
8.35250186920166
9.216524600982666
9.482999324798584
9.327145099639893
9.433746814727783
9.555286884307861
9.816993236541748
9.882245063781738
9.815450668334961
9.050312042236328
9.53068208694458
9.479589939117432
9.478889465332031
8.538582563400269
8.473569631576538
10.091190814971924
9.931175231933594
9.734771728515625
8.777576923370361
9.94406795501709
10.446049690246582
10.383465766906738
10.442960739135742
10.492870330810547
10.450594425201416
10.459271907806396
10.443579196929932
10.429858684539795
10.495133399963379
10.455356121063232
10.454244613647461
10.429391860961914
10.445839881896973
10.490073680877686
10.489864826202393
10.482250213623047
10.380418300628662
10.427165031433105
10.47150993347168
10.490637302398682
5.39395546913147
7.700743675231934
6.141770005226135
7.36612868309021
6.638288497924805
4.948209762573242
6.081009387969971
6.857827663421631
6.130001068115234
6.73142147064209
7.287956714630127
4.959335923194885
7.746894836425781
7.28834867477417
5.854116439819336
6.3243138790130615
6.711758375167847
7.354917764663696
7.581482410430908
7.083943486213684
6.076023578643799
8.104721546173096
8.777781963348389
8.922852516174316
7.284989595413208
8.540269136428833
8.664908170700073
7.939955711364746
3.880889654159546
8.348660945892334
9.813050270080566
8.577956438064575
9.768396377563477
-2
9.533637046813965
9.499715805053711
9.046081781387329
9.640400886535645
8.314026117324829
7.847440004348755
7.8969643115997314
8.801587581634521
9.589828491210938
8.938289165496826
9.080053091049194
8.662471532821655
8.449098825454712
8.77350378036499
8.832817792892456
-2
8.645591259002686
8.929005146026611
8.942534685134888
8.015479803085327
9.665152072906494
10.153451919555664
7.964039087295532
7.916022062301636
8.477666854858398
9.034736633300781
10.549310684204102
10.546190738677979
10.550562381744385
10.58132791519165
10.572831630706787
10.54851770401001
10.553396224975586
10.59099006652832
10.570007801055908
10.517821311950684
10.505818367004395
10.47688913345337
10.574696063995361
10.55149221420288
10.50500774383545
10.60107946395874
10.54539680480957
10.502123832702637
10.530773639678955
10.557119369506836
10.61089563369751
10.625929832458496
10.626257419586182
10.597611427307129
10.651588916778564
10.635852813720703
10.648890972137451
10.600236892700195
10.5533127784729
10.599409580230713
10.604461669921875
10.631457805633545
10.658012866973877
10.6185302734375
10.622484683990479
10.616418838500977
10.604697704315186
10.582890510559082
10.633652210235596
10.649160861968994
7.90619158744812
9.186600923538208
8.970594882965088
7.874158143997192
7.278404474258423
9.257969379425049
9.091002225875854
8.826580047607422
9.841660499572754
8.692970037460327
8.568358898162842
8.419294357299805
8.122129678726196
9.612085342407227
5.82314395904541
6.6166887283325195
7.24868631362915
7.564558744430542
7.286552667617798
9.023374557495117
9.589162349700928
9.604465961456299
9.47274112701416
9.675742149353027
9.4792160987854
8.98509931564331
9.385951042175293
9.260850429534912
8.955886602401733
6.684556603431702
8.839548587799072
9.384474277496338
10.16621446609497
9.97435712814331
9.668746948242188
9.697344779968262
9.720609188079834
9.511601448059082
9.708255767822266
8.816248893737793
8.19328761100769
8.818679809570312
9.934296607971191
9.352881908416748
8.792153120040894
9.238605499267578
9.170652866363525
8.580188989639282
8.29151964187622
8.82719111442566
8.81375765800476
9.313721656799316
8.921546220779419
9.214538335800171
9.070366621017456
8.988877058029175
9.687400341033936
8.724241733551025
8.454203367233276
10.043187618255615
9.780441284179688
9.931699275970459
8.941633224487305
8.621525526046753
9.527103900909424
10.053112030029297
-2
9.314873218536377
9.364501953125
9.543579578399658
9.916338443756104
-2
9.778974533081055
9.48478078842163
9.876728057861328
9.402512073516846
0.3189002275466919
3.7954615354537964
-2
0.8880453109741211
0.26242852210998535
1.3879263401031494
2.6441091299057007
0.5873458385467529
4.455749273300171
4.838153123855591
6.879403114318848
6.500882148742676
1.5412371754646301
5.513306498527527
5.937239646911621
3.9098615646362305
6.530736446380615
6.3196927309036255
6.713286399841309
6.7202653884887695
10.304631233215332
10.163166522979736
10.261598587036133
10.233933448791504
10.357200622558594
10.300786972045898
10.203897953033447
10.384334087371826
10.280102729797363
10.267899990081787
10.24523115158081
10.238973140716553
10.323520183563232
10.259867668151855
10.323400974273682
10.269845962524414
10.171588897705078
10.252317905426025
10.27888536453247
10.298288345336914
10.428250789642334
10.448472499847412
10.463079452514648
10.48365831375122
10.411158561706543
10.493706226348877
10.498899459838867
10.504260540008545
10.357175350189209
10.293365955352783
10.42206621170044
10.534881114959717
10.516532897949219
10.468971252441406
10.498298645019531
10.497782230377197
10.52627944946289
10.398646354675293
10.44625473022461
10.461374282836914
7.397805690765381
7.354394435882568
6.117391347885132
7.849695920944214
7.825651407241821
7.01948356628418
8.16171145439148
7.833622694015503
8.349188089370728
7.092060804367065
8.005188941955566
7.074152231216431
7.52552342414856
5.572704315185547
7.699892997741699
7.363960027694702
7.03314208984375
5.262139558792114
7.864272117614746
8.032045125961304
2.4206369519233704
1.0862409472465515
0.7769991159439087
0.09356576204299927
-0.8236609622836113
2.280977100133896
3.4519158601760864
1.6705657839775085
2.4206369519233704
1.6012204885482788
0.926590085029602
3.6628239154815674
0.5497031211853027
-0.4011613130569458
3.1234989762306213
-1.5453386902809143
2.860752582550049
4.2886741161346436
-1.4661472737789154
7.717268228530884
9.792156219482422
8.551390171051025
8.551390171051025
8.900748491287231
8.585448503494263
9.214113235473633
9.612907886505127
8.615785598754883
9.200748920440674
9.177679538726807
8.922207355499268
8.834696292877197
7.706319808959961
8.451087236404419
8.960357189178467
9.223762035369873
8.371056079864502
8.048840522766113
10.463475227355957
10.389245510101318
10.39444875717163
10.39804744720459
10.359670639038086
10.427111148834229
10.329678535461426
10.336946964263916
10.352091789245605
10.476104259490967
10.422091007232666
10.447043895721436
10.490870952606201
10.385722160339355
10.455855369567871
10.421532154083252
10.489874839782715
10.451006889343262
10.407881259918213
10.450668334960938
8.931489944458008
9.077253341674805
8.18605637550354
10.42357587814331
9.964311599731445
10.219367504119873
10.164210319519043
10.313082218170166
10.40740966796875
10.130634784698486
-2
10.344188213348389
10.009793758392334
10.300832748413086
10.305907726287842
10.020503044128418
10.375365257263184
10.36221694946289
9.964311599731445
10.319623947143555
2.8383601903915405
4.773288726806641
6.675558805465698
5.790151596069336
4.3272385597229
7.1975038051605225
7.2589709758758545
6.422363996505737
6.486080646514893
6.591770887374878
5.874716758728027
6.2823920249938965
6.031955718994141
7.179634094238281
7.308223247528076
7.126812219619751
6.2755348682403564
5.211769342422485
5.212054967880249
4.796969890594482
10.391512870788574
10.384073257446289
10.428192138671875
10.39926290512085
10.429415225982666
10.484811782836914
10.402000904083252
10.500284671783447
10.376544952392578
10.265332221984863
10.400403499603271
10.465917587280273
10.447291374206543
10.396285057067871
10.43998670578003
10.461808681488037
10.460382461547852
10.463374137878418
10.395617485046387
8.481019973754883
9.83082628250122
9.19003963470459
9.442756175994873
8.73427700996399
8.627563714981079
8.675801038742065
9.307658195495605
7.962092161178589
9.071568489074707
8.357856512069702
9.389058589935303
8.81881070137024
8.627848625183105
8.94105339050293
9.416001319885254
9.819186210632324
9.28302001953125
9.127074718475342
9.843892097473145
8.531368970870972
7.310152769088745
10.196855068206787
9.570068836212158
10.102264404296875
10.268547058105469
9.919322967529297
10.16692304611206
9.8041672706604
9.797008037567139
9.683202266693115
10.351150512695312
9.952208995819092
9.974953651428223
10.204743385314941
9.842798233032227
10.14140796661377
10.177443981170654
9.888782978057861
9.933488368988037
10.358384132385254
10.310750961303711
10.104237079620361
9.975350379943848
10.330244541168213
10.286165237426758
10.35893964767456
10.356396675109863
10.2909517288208
10.268222332000732
10.372683048248291
10.211991310119629
10.355547428131104
10.374890804290771
10.443034172058105
10.425440788269043
10.312478065490723
10.280919075012207
10.154635906219482
10.29687786102295
7.879936933517456
7.938514232635498
8.597004413604736
9.596736907958984
9.986791133880615
9.140640258789062
8.484967947006226
9.166818141937256
10.143433094024658
9.852029800415039
9.533941745758057
9.873955726623535
9.894423484802246
10.041936874389648
9.566792964935303
9.808214664459229
9.526688575744629
9.692259311676025
9.96741008758545
9.896248817443848
10.490119934082031
10.485033512115479
10.462276935577393
10.512796401977539
10.519018173217773
10.577728271484375
10.52054214477539
10.484438419342041
10.501359939575195
10.472725868225098
10.514902591705322
10.5363450050354
10.524189472198486
-2
10.50924015045166
10.48537826538086
10.541188716888428
10.371302604675293
10.413880348205566
10.461930751800537
8.101425886154175
7.012597560882568
7.62407112121582
7.413862228393555
8.469351291656494
8.767576932907104
8.080703735351562
7.422520637512207
8.586900234222412
6.713763952255249
8.408962488174438
5.306383848190308
6.719947099685669
8.580720901489258
9.080931663513184
7.655597925186157
6.661437511444092
8.488400220870972
8.156136751174927
9.319602489471436
7.302694797515869
7.992058277130127
7.5872483253479
6.584742069244385
-2
6.802507042884827
5.877368807792664
4.121236562728882
4.33222559094429
5.218941688537598
6.8153417110443115
6.813796281814575
6.313589334487915
6.112613141536713
7.0373417139053345
5.69339394569397
5.756882905960083
6.470343589782715
5.6097495555877686
6.690737724304199
5.537177324295044
6.097809553146362
5.552186489105225
6.0006263256073
4.977345943450928
4.773651838302612
5.028404712677002
6.968687534332275
7.421889543533325
7.31283974647522
5.451056957244873
5.624662637710571
5.281057596206665
6.5065388679504395
5.735328912734985
4.752712965011597
5.429384231567383
5.536505460739136
7.6819634437561035
5.1738903522491455
6.115385055541992
7.933881521224976
6.946045637130737
-2
7.208983659744263
7.332945346832275
4.622780740261078
7.739665269851685
8.903967380523682
6.822128772735596
6.988494396209717
6.533032417297363
8.54271125793457
4.893429398536682
5.058377981185913
6.042065143585205
6.432677149772644
8.818480253219604
8.050110578536987
7.578788995742798
10.478471755981445
10.400022506713867
10.463398933410645
10.55228567123413
10.459772109985352
10.418097496032715
10.374196529388428
10.507837772369385
10.455708503723145
10.433008670806885
10.512622833251953
10.403286933898926
10.472771644592285
10.370776176452637
10.476465225219727
10.516841411590576
10.447024822235107
10.475634098052979
10.470141887664795
10.458045959472656
3.569679457694292
2.885513663291931
1.5472079515457153
5.269826233386993
0.9232032299041748
0.8665416240692139
5.904026806354523
3.693818747997284
4.018912196159363
1.648594856262207
0.4644904136657715
1.1902191638946533
2.4862146377563477
2.2661479711532593
3.211257427930832
1.7108795642852783
1.1275630295276642
1.9706579446792603
3.33505043014884
5.804182410240173
